1111111111111111111111111111111111111111111111111111111111111111111111111111111111111111111111111111
1111111111111111110011111111111111111111111111111111111111111111111111111111111111111111111111011111
1100111111111100000001111100111111111111111111111111001111110111111111111111111111111111111110001111
1100111111111100000001111000111111111101111111111111000111100010001111111111111111110011110000000111
1100111111111111100011110000111111110000001111111111100011000000000111111111100011000011111000000111
1100000111111111110011110000111111110000001111111111110000000000001111111111000000000011111000000111
1100000001111111110001100000100111110000111111111111111000000000111111111110000000000111111000111111
1110000001111111110000000000000111110001111111111111111100000001111111000000000000001111111100111111
1111000001111111111000000000000111110001111111111111111110000001111000000000000000011111111100111111
1111100000111111111111110000000000000001111111111111111110000000110000000000000000011111100000011111
1111100000111111111111111000000000000011111111001111111100000000000000000000000000001111100000000011
1100000001111111111111110000000000000011111110000011111000000000000000000000000000011111110000010011
1100000000111111111000000000000000000011111100000011111100000000000000000000000111111111111100111001
1110000000011111110000000000000000000011111000011111111100000000011100000000001111111111111100011011
1110000000011111100000000000000000000011111000111111100000000000111100000000011111111111111100001111
1100000000011000000000000000000001110011111000111111000000000000111100000000111111111111111100000111
1100011000000000000000000000000011110011111000111111100000000000111100000001111110000001111100001111
1111111100000000000000000000000111100001111000111111100000000001111110000011111000000000111000011111
1111111100000000000000000000001111000000110000011110000000000011111111000111110000000000000000111111
1111111100000000000000000000011111000000000000001100000000000011111111111111110000000000000000111111
1111111110000000000000011100111111100000000000000000000000000011111111111111100000000011000000011111
1111011100001100000000111111111111110000000000000000000000000011111111111111000001100111111000011111
1110000000011100000001111111111111111000011111100000000000000011111111111110000011111111111100011111
1100000000011100000001111111111111111100011111100000000000000001111111111110000111111111111000001111
1100000000011100000001111111111111111110000000000000000000000000111111111111100111111111100000001111
1000000000011100000011111100100011111111100000000000011000000000011111111111111111111111000000001111
1000000000011000011111111000000011111111110000000001111100000000011111111111111111111111000000000111
1000000000011000111111111000000111111111110000000011111100000000011111111111111111111111110000000011
1000000000011000111111110000111111111111100000000011111100000000011111111111111111111111111000000001
1000000000111001111111000000111111111110000110000011111100000000000111111111111111111111111100000001
1000000000011001111110000001111111111100001111110011111110000000000011111111111111101111111110000011
1000000000011001111110001111111100011100001111110011000111111000000011111111111111000111111111000011
1000010000011111111100011111111100011100001111110000000011111000000011111111111111000001111111100011
1100111000011111111100011111111100001000001111110000000011111000000011111111111111000000011111100011
1111111100001111111100000111111110000000001111110000000000111000000011111111111110000000001111100011
1111111110000111111100000111111111000000001111111000000000110000000001111111111100000000000111100011
1111111110000001111100011111111111100000011111111110000000110000000001111111111000000000000111100001
1111111100000001111000111111111111100000011111111111000000111000000001111111110000000000000001100001
1111111000000001100001111111111111111000001111111111110000111100000001111111100000000000000000000001
1111110000011000000001111111111111111100011111111111110000011111100000111111100000001100000000001111
1111000000111100000000111100111111111111111111111111100000011111111100000000000000011110000001011111
1110000000111110000000000000011111111111111111111111000000011111111100000000000000111110000011111111
1100000000111111001100000011000011111111111111111110000000011111111100000000000001111110000011111111
1100000001111111111110000111100000011111111111111000000000001111111100001111001111111111100011111111
1100000001111111111111111111100000001111111111111000011110000111111110011111111111111111100011111111
1111000000111111111111111111100000001111111111111000011110000111111110011111111111111111100011111111
1111100000011111111111111111100000011111111111111100001110000111111100011111111111111111100011111111
1111110000011111111111111110000000011111111111111110000011000111111000011111111111110000000000111111
1111110000011111111111111100000000001111111111111111000011100111111000011111111001100000000000011111
1111110000001111111111111100000000000000111110011111000111100111111000011111110000000000000000000011
1111100000000111111111111100000000000000011110011111111111100111111000111111110000000011111110000011
1111100000000111111111100000000000000000001110011111111111000111111111111111111000001111111111000001
1111100000001111110000000000000111100000000100001111111111000001111111111111111000011111111111110001
1111100000001111111000000000000111110011000000000111111111000000011111011111111000011111111111111001
1111000001111111111111100000000111111111000000000111111111000000000110001111110000011111111111110001
1110000111111111111111100000000111111111000000000111111111000000000000000011110000011111111100000001
1110001111111111111111100000001111111110001100000111111111100000111000000011111000111111100000000011
1110011111111111111111111000111111111110011110000111111111111111111100000001111111111111100000000111
1111111111111111111111111101111111111111111111001111111111111111111110000001111111111111110011111111
1111111111111111111111111111111111111111111111111111111111111111111111111111111111111111111111111111
